 Damage   327  2529   508  2314
 Damage   571  2485   710  2301
 Damage   670  2444   754  2352
 Damage   864  2240   904  2183
 Damage   969  2270  1016  2192
 Damage  1182  2571  1292  2177
 Damage  1566  2246  1633  2190
 Damage  2369  2426  3264  2175
 Damage  2895  2236  3089  2173
 Damage  2373  2535  2461  2411
 Damage  2421  2826  2493  2630
 Damage  2341  2784  2409  2607
 Damage  3129  2824  3205  2788
 Damage  3094  2914  3203  2885
 Damage  2303  2942  2485  2885
 Damage  2261  2904  2358  2767
 Damage  2149  2929  2217  2853
 Damage  2190  2712  2236  2622
 Damage  2093  2571  2219  2175
 Damage  1979  2301  2053  2215
 Damage  2034  2674  2128  2316
 Damage  3252  2935  3359  2895
 Damage  3355  2874  3450  2828
 Damage  3389  2917  3452  2881
 Damage  2528  2701  2613  2516