0 [2728 2448] [2592 2264] [3624 1496] [3760 1680]
1 [2304  944] [1528  776] [1560  624] [2336  792]
2 [2576 2480] [2520 2416] [2904 2104] [2952 2168]
3 [ 944 3120] [ 800 3104] [ 888 2496] [1032 2512]
4 [2176 2256] [2008 1608] [2072 1592] [2248 2240]
5 [4064  856] [3848  784] [3880  696] [4088  768]
6 [1216 1432] [ 928 1328] [1136  768] [1424  872]
7 [3112  688] [2992  664] [3008  600] [3128  624]
8 [4104 2280] [4040 2216] [4080 2176] [4144 2240]
9 [2808 1096] [2760 1080] [2792  984] [2840 1000]
