 Damage   911  3451  1079     3
 Damage   785  1995   866  1815
 Damage  1774  2613  1899  2559
 Damage  3417  1185  3989   624
 Damage  2141  3440  2247    19
 Damage  3601  3304  3986  2979
 Damage  1375  3438  1997  2968
 Damage  3819  2901  3921  2626
 Damage  1693  2915  1986  2601
 Damage  2618  3446  2897    13
 Damage  2278  2080  2420  1998
 Damage   790  1498  1715   160
 Damage   775  3229   865  3147
 Damage  1556  3090  1638  3040
 Damage   814  2291   863  2165
 Damage   836  2665   871  2596
 Damage  3243  2865  3302  2789
 Damage  3735  2885  3815  2802
 Damage  3286  3123  3347  3017
 Damage  3251  1542  3355  1487
 Damage  2043  1961  2144  1902
 Damage  1167  1516  1285  1374