0 [3120 3280] [3112 3224] [4280 3160] [4288 3224]
1 [ 848 1336] [ 848 1144] [ 936 1144] [ 936 1336]
2 [ 928 2096] [ 840 2088] [ 864 1728] [ 952 1736]
3 [4264 2528] [4264 2136] [4312 2136] [4312 2528]
4 [2648  936] [2592  928] [2608  640] [2656  648]
5 [ 888 3112] [ 888 2976] [ 952 2976] [ 952 3112]
6 [2128 2120] [2032 1616] [2088 1608] [2184 2112]
7 [2024  576] [1944  496] [1992  440] [2072  520]
8 [3000 2088] [2992 2048] [3152 2024] [3160 2064]
9 [2760 2288] [2760 2248] [2888 2248] [2888 2288]
10 [4296  712] [4192  696] [4200  648] [4304  664]
11 [1120  680] [1064  672] [1072  576] [1136  584]
