0 [3144 1160] [3000 1016] [3256  760] [3400  904]
1 [1392 3056] [1192 2704] [1472 2544] [1672 2896]
2 [2800 1816] [2648 1584] [2816 1480] [2960 1712]
3 [2040 2784] [1664 2672] [1696 2568] [2072 2680]
4 [1456 2192] [1448 2048] [1704 2032] [1712 2176]
5 [2096 1072] [2096  968] [2464  968] [2464 1072]
6 [1544 1688] [1544 1432] [1896 1432] [1896 1688]
7 [3432 3256] [3264 3200] [3384 2848] [3552 2904]
8 [1384 2528] [1288 2336] [1432 2256] [1528 2456]
9 [2008 2888] [2008 2840] [2272 2840] [2272 2888]
10 [1880 3400] [1648 3368] [1656 3304] [1888 3336]
11 [3344 3432] [3344 3344] [3448 3344] [3448 3432]
12 [2408 2576] [2344 2560] [2384 2328] [2456 2344]
13 [2752  872] [2672  736] [2792  664] [2872  808]
14 [2000 1856] [2000 1800] [2104 1800] [2104 1856]
15 [1440 3264] [1384 3208] [1448 3152] [1496 3200]
16 [ 752 3152] [ 696 3128] [ 744 3032] [ 800 3064]
17 [2920 1184] [2832 1152] [2856 1080] [2936 1112]
18 [1320 1280] [1272 1232] [1328 1160] [1384 1208]
19 [ 816 1560] [ 768 1536] [ 816 1416] [ 864 1440]
20 [2504 1208] [2408 1192] [2416 1144] [2512 1160]
21 [1936 2296] [1928 2256] [2024 2240] [2032 2288]
