0 [2984 2448] [2984 1784] [3424 1784] [3424 2448]
1 [2344 1400] [2272 1160] [3192  872] [3272 1112]
2 [1152 2288] [1128 1824] [1288 1816] [1312 2280]
3 [2576 1120] [2224 1024] [2248  928] [2600 1024]
4 [2280 1672] [2256 1600] [2664 1488] [2688 1560]
5 [1368 2552] [1288 2472] [1408 2344] [1496 2432]
6 [3616 2248] [3616 2096] [3800 2096] [3800 2248]
7 [1920 1480] [1888 1376] [2136 1304] [2168 1408]
8 [1656 1024] [1592  960] [1664  888] [1728  952]
9 [4496 3000] [4464 2992] [4480 2704] [4512 2712]
10 [3744 1672] [3600 1504] [3632 1480] [3768 1648]
11 [4416 1912] [4416 1792] [4512 1792] [4512 1912]
12 [1600 1216] [1528 1184] [1560 1096] [1640 1128]
13 [1696 2496] [1632 2464] [1680 2376] [1744 2408]
14 [3496 2040] [3408 1952] [3448 1904] [3536 1992]
15 [4136 1016] [4088  944] [4160  896] [4208  968]
16 [3048  816] [2864  808] [2872  664] [3056  680]
17 [3768 2312] [3712 2256] [3760 2208] [3816 2264]
18 [1360 1240] [1280 1184] [1408 1000] [1488 1064]
19 [2232 1152] [2224 1080] [2320 1072] [2328 1136]
20 [2720 2320] [2624 2240] [2648 2200] [2752 2288]
21 [3616  968] [3552  904] [3624  840] [3680  896]
22 [2384 1832] [2272 1784] [2296 1736] [2400 1784]
23 [1584 2720] [1440 2696] [1448 2648] [1592 2672]
