Damage 0 323 248 221
Damage -8 300 311 240
Damage 0 282 32 218
Damage 0 217 105 324
Damage 73 276 286 226
Damage 64 276 338 303
Damage 63 254 261 301
Damage 243 232 245 232
Damage 16 277 58 281
Damage -1 273 135 324
Damage 286 293 496 297
Damage 48 313 335 293
Damage 138 311 146 312
Damage 0 292 1 292
Damage 58 323 61 322
Damage 107 322 188 319
Damage 164 268 186 266
Damage 113 268 366 226
Damage 41 320 42 320
Damage 18 307 20 308
Damage 111 313 112 312
Damage 260 282 275 279
Damage 271 320 304 322
Damage 149 262 379 278
Damage 374 293 414 266
Damage 343 297 409 286
Damage 134 324 134 324
Damage 204 320 239 319
Damage 378 311 386 313
Damage 395 313 395 313
Damage 203 325 205 324
Damage 346 304 356 301
Damage 109 309 137 309
Damage 54 306 55 306
Damage 265 311 265 311
Damage 72 255 73 254
Damage 153 266 157 266
Damage 147 282 151 278
Damage 236 266 236 266
Damage 10 316 10 322
Damage 224 259 227 259
Damage 271 294 359 303
Damage 259 299 265 301
Damage 408 306 420 307
Damage 271 302 306 302
Damage 296 303 346 308
Damage 245 271 255 271
Damage 274 284 274 284
Damage 144 283 172 284
Damage 17 289 20 272
Damage 234 271 264 272
Damage 175 260 221 266
Damage 261 265 261 265
Damage 223 266 228 266
Damage 391 261 391 261
Damage 187 240 187 240
Damage 69 240 71 240
Damage 74 235 74 235
Damage 68 229 77 231
Damage 208 229 249 228
Damage 363 228 365 228
Damage 169 225 183 225
Damage 320 221 320 221
Damage 272 224 274 223
Damage 284 221 284 221
Damage 196 222 239 221
Damage 82 221 86 221
